Evaluation Metrics for l1:
Accuracy: 0.8787878787878788
Recall: 0.9710467706013363
F1 Score: 0.9083333333333333
Precision: 0.8532289628180039
